{"camera_angle_x": 1.0471975803375244, "camera_angle_y": 0.7853981852531433, "aabb_scale": 4, "frames": [{"file_path": "images/0.jpg", "transform_matrix": [[0.7411938309669495, -0.35118043422698975, 0.5721054077148438, 2.6220133304595947], [0.5794021487236023, -0.09571244567632675, -0.8093997240066528, -2.977569341659546], [0.3390023112297058, 0.9314028024673462, 0.13253268599510193, 1.5824639797210693], [0.0, 0.0, 0.0, 1.0]]}, {"file_path": "images/1.jpg", "transform_matrix": [[0.7492156028747559, -0.27902713418006897, 0.60068279504776, 2.1877799034118652], [0.6508631706237793, 0.14216768741607666, -0.7457650303840637, -2.7266428470611572], [0.12269097566604614, 0.9497011303901672, 0.2881227433681488, 1.7560055255889893], [0.0, 0.0, 0.0, 1.0]]}, {"file_path": "images/2.jpg", "transform_matrix": [[-0.28376296162605286, -0.5427398085594177, 0.790513813495636, 2.066100597381592], [0.9567285776138306, -0.10487035661935806, 0.2714270353317261, -2.3890738487243652], [-0.06441278010606766, 0.833328127861023, 0.5490129590034485, 1.6255851984024048], [0.0, 0.0, 0.0, 1.0]]}, {"file_path": "images/3.jpg", "transform_matrix": [[0.022451726719737053, -0.359639436006546, 0.9328212141990662, 2.9696364402770996], [0.9994999766349792, -0.012705876491963863, -0.028955210000276566, -2.5817489624023438], [0.02226574532687664, 0.9330048561096191, 0.35917434096336365, 1.6874295473098755], [0.0, 0.0, 0.0, 1.0]]}, {"file_path": "images/4.jpg", "transform_matrix": [[0.8090892434120178, -0.09371756762266159, 0.5801651477813721, 1.4796847105026245], [0.5235744714736938, 0.5633189678192139, -0.6391725540161133, -2.318758726119995], [-0.26691630482673645, 0.8209072947502136, 0.5048434138298035, 1.629616379737854], [0.0, 0.0, 0.0, 1.0]]}, {"file_path": "images/5.jpg", "transform_matrix": [[0.5198121070861816, 0.6833440065383911, -0.5126756429672241, 0.49019166827201843], [-0.8542442321777344, 0.4102447032928467, -0.31932127475738525, -0.9102809429168701], [-0.007883813232183456, 0.6039372682571411, 0.796992838382721, 1.5112831592559814], [0.0, 0.0, 0.0, 1.0]]}, {"file_path": "images/6.jpg", "transform_matrix": [[-0.6008393168449402, -0.46639740467071533, 0.6492037773132324, 1.1345124244689941], [0.7989643216133118, -0.32451963424682617, 0.5063033103942871, -0.8381723165512085], [-0.025459177792072296, 0.8228976130485535, 0.5676190257072449, 1.5797828435897827], [0.0, 0.0, 0.0, 1.0]]}, {"file_path": "images/7.jpg", "transform_matrix": [[-0.4847869277000427, -0.495445191860199, 0.7207743525505066, 2.200164556503296], [0.8742432594299316, -0.299066424369812, 0.3824368417263031, -1.3823896646499634], [0.026082921773195267, 0.8155325651168823, 0.578123152256012, 1.484287977218628], [0.0, 0.0, 0.0, 1.0]]}, {"file_path": "images/8.jpg", "transform_matrix": [[-0.08546529710292816, -0.13547426462173462, 0.9870878458023071, 3.6461124420166016], [0.9728092551231384, -0.22539269924163818, 0.05329466983675957, -1.183253288269043], [0.21526233851909637, 0.9648030400276184, 0.15105386078357697, 1.642055869102478], [0.0, 0.0, 0.0, 1.0]]}, {"file_path": "images/9.jpg", "transform_matrix": [[-0.5871058106422424, -0.10523603856563568, 0.8026407361030579, 3.8994922637939453], [0.8091412782669067, -0.046359311789274216, 0.585782527923584, 0.19239892065525055], [-0.024435563012957573, 0.9933660626411438, 0.11236865073442459, 1.6496573686599731], [0.0, 0.0, 0.0, 1.0]]}, {"file_path": "images/10.jpg", "transform_matrix": [[-0.4588024616241455, -0.13160832226276398, 0.8787375092506409, 3.369748830795288], [0.8778476715087891, -0.22008995711803436, 0.4253750145435333, -0.1492392122745514], [0.13741840422153473, 0.9665607213973999, 0.2165098637342453, 1.682052731513977], [0.0, 0.0, 0.0, 1.0]]}, {"file_path": "images/11.jpg", "transform_matrix": [[0.04495597630739212, -0.47142550349235535, 0.8807592988014221, 2.718073844909668], [0.9906726479530334, -0.09248668700456619, -0.10006961226463318, -0.2702096700668335], [0.12863387167453766, 0.8770428895950317, 0.4628705084323883, 1.7688528299331665], [0.0, 0.0, 0.0, 1.0]]}, {"file_path": "images/12.jpg", "transform_matrix": [[0.35397690534591675, -0.5213345289230347, 0.7764732241630554, 2.7767045497894287], [0.9352217316627502, 0.19039799273014069, -0.2985110878944397, -1.7050410509109497], [0.007785181049257517, 0.8318406939506531, 0.5549598932266235, 1.7309980392456055], [0.0, 0.0, 0.0, 1.0]]}, {"file_path": "images/13.jpg", "transform_matrix": [[-0.9490258097648621, 0.0024408320896327496, 0.315189003944397, 3.149338722229004], [0.2972794771194458, -0.32542574405670166, 0.8976207375526428, -0.4395027160644531], [0.10476156324148178, 0.9455644488334656, 0.3081118166446686, 1.571298599243164], [0.0, 0.0, 0.0, 1.0]]}, {"file_path": "images/14.jpg", "transform_matrix": [[-0.7587050199508667, -0.2830829322338104, 0.5867118239402771, 3.5442404747009277], [0.6419762969017029, -0.1719951629638672, 0.7471840977668762, -0.157212033867836], [-0.11060348153114319, 0.9435474276542664, 0.31222614645957947, 1.4778764247894287], [0.0, 0.0, 0.0, 1.0]]}, {"file_path": "images/15.jpg", "transform_matrix": [[-0.45032450556755066, -0.4358818829059601, 0.7792398929595947, 3.124504566192627], [0.890031635761261, -0.14967085421085358, 0.4306302070617676, 0.31021222472190857], [-0.07107440382242203, 0.8874714970588684, 0.4553490877151489, 1.6934962272644043], [0.0, 0.0, 0.0, 1.0]]}, {"file_path": "images/16.jpg", "transform_matrix": [[-0.677309513092041, -0.36793240904808044, 0.6370852589607239, 3.2016074657440186], [0.7226516604423523, -0.17036528885364532, 0.6698882579803467, -0.1728338897228241], [-0.13793638348579407, 0.914112389087677, 0.3812769949436188, 1.7935060262680054], [0.0, 0.0, 0.0, 1.0]]}, {"file_path": "images/17.jpg", "transform_matrix": [[0.25752773880958557, -0.32161667943000793, 0.9111762642860413, 3.61885666847229], [0.9573413133621216, 0.212826669216156, -0.19545432925224304, -0.8845215439796448], [-0.13106122612953186, 0.9226415753364563, 0.36270570755004883, 1.802632212638855], [0.0, 0.0, 0.0, 1.0]]}, {"file_path": "images/18.jpg", "transform_matrix": [[-0.06394458562135696, -0.44481155276298523, 0.8933385610580444, 2.6820852756500244], [0.997898280620575, -0.01908496581017971, 0.06192610040307045, -0.491146981716156], [-0.010496110655367374, 0.8954207897186279, 0.44509705901145935, 1.7586934566497803], [0.0, 0.0, 0.0, 1.0]]}, {"file_path": "images/19.jpg", "transform_matrix": [[-0.6181759834289551, -0.1900922805070877, 0.7627078890800476, 3.4810588359832764], [0.7855375409126282, -0.18408061563968658, 0.590800404548645, -0.03362470492720604], [0.028093144297599792, 0.9643543362617493, 0.26311883330345154, 1.7190889120101929], [0.0, 0.0, 0.0, 1.0]]}, {"file_path": "images/20.jpg", "transform_matrix": [[-0.5655945539474487, -0.20612011849880219, 0.798509418964386, 3.1525824069976807], [0.8246537446975708, -0.1495775431394577, 0.545502245426178, -0.3969781696796417], [0.007000090554356575, 0.9670268893241882, 0.25457796454429626, 1.812042474746704], [0.0, 0.0, 0.0, 1.0]]}, {"file_path": "images/21.jpg", "transform_matrix": [[-0.9463074207305908, -0.050997450947761536, 0.31922024488449097, 2.2740795612335205], [0.31400755047798157, -0.3796740770339966, 0.8701993227005005, 0.14068232476711273], [0.0768217071890831, 0.9237136244773865, 0.37530195713043213, 1.570020318031311], [0.0, 0.0, 0.0, 1.0]]}, {"file_path": "images/22.jpg", "transform_matrix": [[-0.6776307821273804, 0.44188767671585083, -0.587836503982544, 2.151918888092041], [-0.7314645648002625, -0.32238560914993286, 0.60085529088974, 0.39867642521858215], [0.07600052654743195, 0.8371396660804749, 0.5416836142539978, 1.467069387435913], [0.0, 0.0, 0.0, 1.0]]}, {"file_path": "images/23.jpg", "transform_matrix": [[-0.8917153477668762, -0.20016635954380035, 0.40592747926712036, 3.44506573677063], [0.45175880193710327, -0.4481883645057678, 0.7713891267776489, 0.21201030910015106], [0.027525819838047028, 0.8712408542633057, 0.49008336663246155, 1.7168806791305542], [0.0, 0.0, 0.0, 1.0]]}, {"file_path": "images/24.jpg", "transform_matrix": [[0.0675434023141861, 0.6031572818756104, -0.7947573065757751, 2.718635320663452], [-0.9890647530555725, 0.14515341818332672, 0.02610298991203308, -0.28998687863349915], [0.1311059445142746, 0.7843033671379089, 0.6063657402992249, 1.5089287757873535], [0.0, 0.0, 0.0, 1.0]]}, {"file_path": "images/25.jpg", "transform_matrix": [[0.3065030574798584, 0.2738853096961975, -0.9116154313087463, 1.73983633518219], [-0.9495976567268372, 0.021849289536476135, -0.3127090334892273, -1.5045280456542969], [-0.06572825461626053, 0.9615141153335571, 0.26677772402763367, 1.679651141166687], [0.0, 0.0, 0.0, 1.0]]}, {"file_path": "images/26.jpg", "transform_matrix": [[0.2500889003276825, 0.32779887318611145, -0.911045253276825, 0.25539398193359375], [-0.9564456343650818, -0.06267543882131577, -0.28510263562202454, -2.0567071437835693], [-0.15055648982524872, 0.9426662921905518, 0.2978473901748657, 1.7942596673965454], [0.0, 0.0, 0.0, 1.0]]}, {"file_path": "images/27.jpg", "transform_matrix": [[0.25526517629623413, 0.2797512412071228, -0.9255154728889465, 0.0901225209236145], [-0.9566488862037659, -0.06574811786413193, -0.28372541069984436, -0.8242675065994263], [-0.140223428606987, 0.9578185677528381, 0.25084051489830017, 1.7695223093032837], [0.0, 0.0, 0.0, 1.0]]}, {"file_path": "images/28.jpg", "transform_matrix": [[0.3330813944339752, 0.4342195689678192, -0.8369648456573486, 0.37610432505607605], [-0.9108725190162659, -0.08119980245828629, -0.40462061762809753, -2.045945882797241], [-0.24365557730197906, 0.8971399068832397, 0.36847251653671265, 1.8135005235671997], [0.0, 0.0, 0.0, 1.0]]}, {"file_path": "images/29.jpg", "transform_matrix": [[0.28522568941116333, 0.32084256410598755, -0.9031646251678467, 0.6254692673683167], [-0.9584348201751709, 0.10235963761806488, -0.26631787419319153, -1.1921619176864624], [0.007001496385782957, 0.941585123538971, 0.33670228719711304, 1.5914371013641357], [0.0, 0.0, 0.0, 1.0]]}, {"file_path": "images/30.jpg", "transform_matrix": [[-0.7770448923110962, 0.21322552859783173, -0.5922297835350037, 1.6940590143203735], [-0.6264657974243164, -0.17054344713687897, 0.7605626583099365, -0.27478694915771484], [0.06117046996951103, 0.9620029926300049, 0.26609840989112854, 1.5140209197998047], [0.0, 0.0, 0.0, 1.0]]}, {"file_path": "images/31.jpg", "transform_matrix": [[-0.6293588280677795, -0.10765664279460907, 0.7696216702461243, 3.150811195373535], [0.7748549580574036, -0.011461267247796059, 0.6320351362228394, 0.13775934278964996], [-0.05922194570302963, 0.9941220879554749, 0.09063153713941574, 1.5057412385940552], [0.0, 0.0, 0.0, 1.0]]}, {"file_path": "images/32.jpg", "transform_matrix": [[-0.19371023774147034, -0.18323419988155365, 0.9637954235076904, 3.8279006481170654], [0.9798088073730469, 0.013442864641547203, 0.1994844377040863, -1.1769994497299194], [-0.04950854554772377, 0.9829773902893066, 0.17693045735359192, 1.6459583044052124], [0.0, 0.0, 0.0, 1.0]]}, {"file_path": "images/33.jpg", "transform_matrix": [[-0.7686116099357605, -0.13805155456066132, 0.6246422529220581, 2.6235897541046143], [0.6322633028030396, -0.01532653346657753, 0.774601936340332, 0.30990076065063477], [-0.09736140072345734, 0.9903064370155334, 0.09906508773565292, 1.4855924844741821], [0.0, 0.0, 0.0, 1.0]]}, {"file_path": "images/34.jpg", "transform_matrix": [[-0.8893937468528748, -0.25466930866241455, 0.37963443994522095, 3.027885675430298], [0.4510398805141449, -0.3536238670349121, 0.819459080696106, 0.27658671140670776], [-0.0744432732462883, 0.9000520706176758, 0.42937687039375305, 1.6620314121246338], [0.0, 0.0, 0.0, 1.0]]}, {"file_path": "images/35.jpg", "transform_matrix": [[0.11025851964950562, 0.8304558992385864, -0.5460641980171204, 2.5617053508758545], [-0.9914551973342896, 0.1304350346326828, -0.0018236669711768627, 0.1458083540201187], [0.06971142441034317, 0.5415992736816406, 0.8377413749694824, 1.8214749097824097], [0.0, 0.0, 0.0, 1.0]]}, {"file_path": "images/36.jpg", "transform_matrix": [[0.11025851964950562, 0.8304558992385864, -0.5460641980171204, 2.5617053508758545], [-0.9914551973342896, 0.1304350346326828, -0.0018236669711768627, 0.1458083540201187], [0.06971142441034317, 0.5415992736816406, 0.8377413749694824, 1.8214749097824097], [0.0, 0.0, 0.0, 1.0]]}, {"file_path": "images/37.jpg", "transform_matrix": [[-0.2646973431110382, -0.23606307804584503, 0.934991717338562, 3.447110891342163], [0.9633169770240784, -0.02026383765041828, 0.26760008931159973, -0.7223766446113586], [-0.044223982840776443, 0.9715264439582825, 0.23276734352111816, 1.6880300045013428], [0.0, 0.0, 0.0, 1.0]]}, {"file_path": "images/38.jpg", "transform_matrix": [[-0.6421531438827515, -0.15823432803153992, 0.7500675320625305, 2.8643269538879395], [0.7633480429649353, -0.2216975837945938, 0.6067535877227783, -0.8949175477027893], [0.07027890533208847, 0.9621912837028503, 0.2631516456604004, 1.829419493675232], [0.0, 0.0, 0.0, 1.0]]}, {"file_path": "images/39.jpg", "transform_matrix": [[0.014003301039338112, -0.1649525910615921, 0.9862020611763, 3.5988950729370117], [0.9881491661071777, -0.1484939604997635, -0.03886811435222626, -1.3909491300582886], [0.15285645425319672, 0.9750590920448303, 0.16091836988925934, 1.753841757774353], [0.0, 0.0, 0.0, 1.0]]}, {"file_path": "images/40.jpg", "transform_matrix": [[-0.052688054740428925, -0.3068923056125641, 0.9502847194671631, 2.1806018352508545], [0.990929126739502, 0.10173965245485306, 0.08779815584421158, 0.07834263890981674], [-0.1236262172460556, 0.9462907314300537, 0.29874804615974426, 1.8235626220703125], [0.0, 0.0, 0.0, 1.0]]}, {"file_path": "images/41.jpg", "transform_matrix": [[-0.593488872051239, -0.259725958108902, 0.7617830038070679, 2.309335947036743], [0.7886818647384644, 0.0010424235370010138, 0.6148006319999695, 0.26711609959602356], [-0.1604737788438797, 0.965681791305542, 0.20422248542308807, 1.590213656425476], [0.0, 0.0, 0.0, 1.0]]}, {"file_path": "images/42.jpg", "transform_matrix": [[-0.2709612548351288, -0.5580111742019653, 0.7843490839004517, 1.3579915761947632], [0.9520582556724548, -0.03515104576945305, 0.30389049649238586, -0.566745936870575], [-0.1420036107301712, 0.8290886282920837, 0.5407837629318237, 1.700384259223938], [0.0, 0.0, 0.0, 1.0]]}, {"file_path": "images/43.jpg", "transform_matrix": [[-0.3175898492336273, -0.2933206260204315, 0.901720404624939, 2.370833158493042], [0.9415348768234253, 0.01524142362177372, 0.3365705609321594, -1.3394049406051636], [-0.11246658861637115, 0.9558926224708557, 0.2713310718536377, 1.8107068538665771], [0.0, 0.0, 0.0, 1.0]]}, {"file_path": "images/44.jpg", "transform_matrix": [[-0.6473833918571472, 0.36679208278656006, -0.6681005358695984, 0.9900975823402405], [-0.7596346735954285, -0.2391570806503296, 0.6047801971435547, -0.9186621904373169], [0.06204761192202568, 0.8990369439125061, 0.433454304933548, 1.610684871673584], [0.0, 0.0, 0.0, 1.0]]}, {"file_path": "images/45.jpg", "transform_matrix": [[-0.3381681442260742, -0.1071157231926918, 0.9349697828292847, 2.463428497314453], [0.9313085079193115, -0.18092937767505646, 0.31611552834510803, -0.9084115624427795], [0.1353025734424591, 0.9776455163955688, 0.16094234585762024, 1.37759268283844], [0.0, 0.0, 0.0, 1.0]]}, {"file_path": "images/46.jpg", "transform_matrix": [[0.06512461602687836, -0.19452384114265442, 0.978733479976654, 2.6925764083862305], [0.9962859153747559, 0.06804283708333969, -0.05276899039745331, -0.41808027029037476], [-0.056330978870391846, 0.9785349369049072, 0.19823262095451355, 1.4073941707611084], [0.0, 0.0, 0.0, 1.0]]}, {"file_path": "images/47.jpg", "transform_matrix": [[0.7549467086791992, -0.32539111375808716, 0.569364607334137, 1.8218847513198853], [0.6557806134223938, 0.3710406720638275, -0.6574804782867432, -1.8122221231460571], [0.002680874429643154, 0.8697410225868225, 0.4935011565685272, 1.535394310951233], [0.0, 0.0, 0.0, 1.0]]}, {"file_path": "images/48.jpg", "transform_matrix": [[-0.8899832963943481, 0.14322678744792938, -0.43291550874710083, 1.2618048191070557], [-0.45545974373817444, -0.23330745100975037, 0.85914146900177, -0.7368008494377136], [0.02204965427517891, 0.9617971181869507, 0.27287375926971436, 1.5224140882492065], [0.0, 0.0, 0.0, 1.0]]}, {"file_path": "images/49.jpg", "transform_matrix": [[-0.40376508235931396, -0.23211058974266052, 0.8849284648895264, 2.0860209465026855], [0.8913630843162537, -0.3176356852054596, 0.32338738441467285, -1.547879695892334], [0.2060232311487198, 0.9193651080131531, 0.3351450264453888, 1.369966745376587], [0.0, 0.0, 0.0, 1.0]]}, {"file_path": "images/50.jpg", "transform_matrix": [[-0.38578224182128906, -0.3355134427547455, 0.8594200015068054, 1.97301185131073], [0.9221532344818115, -0.16888532042503357, 0.3480103313922882, -0.8185106515884399], [0.02838127687573433, 0.9267731308937073, 0.3745477497577667, 1.4629099369049072], [0.0, 0.0, 0.0, 1.0]]}, {"file_path": "images/51.jpg", "transform_matrix": [[-0.9935409426689148, -0.07306163012981415, 0.08682385832071304, 1.076866865158081], [0.10336985439062119, -0.2671149969100952, 0.9581044912338257, -0.5945937037467957], [-0.04680872708559036, 0.9608910083770752, 0.27294203639030457, 1.5223073959350586], [0.0, 0.0, 0.0, 1.0]]}, {"file_path": "images/52.jpg", "transform_matrix": [[-0.6676245927810669, 0.06192072853446007, -0.7419186234474182, 0.32495322823524475], [-0.7444204688072205, -0.041133519262075424, 0.6664429306983948, 0.08750297129154205], [0.010748906061053276, 0.9972330927848816, 0.0735568106174469, 1.343311071395874], [0.0, 0.0, 0.0, 1.0]]}, {"file_path": "images/53.jpg", "transform_matrix": [[-0.9765369296073914, 0.03243473172187805, 0.21289338171482086, 1.3121613264083862], [0.20380760729312897, -0.18010996282100677, 0.9623008370399475, -0.3380325138568878], [0.06955618411302567, 0.983111560344696, 0.16927358508110046, 1.4120540618896484], [0.0, 0.0, 0.0, 1.0]]}, {"file_path": "images/54.jpg", "transform_matrix": [[-0.9533142447471619, -0.04602081701159477, -0.2984527349472046, 1.6068733930587769], [-0.27561721205711365, -0.2712581157684326, 0.9222007393836975, -0.31307166814804077], [-0.12339815497398376, 0.9614058136940002, 0.24591007828712463, 1.659981608390808], [0.0, 0.0, 0.0, 1.0]]}, {"file_path": "images/55.jpg", "transform_matrix": [[-0.8012048602104187, 0.008417395874857903, -0.5983309149742126, 0.901695966720581], [-0.5891132950782776, -0.18647974729537964, 0.786238431930542, 0.08022008091211319], [-0.10495851188898087, 0.9824227690696716, 0.15436728298664093, 1.701636552810669], [0.0, 0.0, 0.0, 1.0]]}, {"file_path": "images/56.jpg", "transform_matrix": [[-0.8846721649169922, -0.14208734035491943, 0.4440341889858246, 2.1795756816864014], [0.46568769216537476, -0.22408868372440338, 0.8561069965362549, -1.0845146179199219], [-0.0221389289945364, 0.9641553163528442, 0.26441335678100586, 1.583899974822998], [0.0, 0.0, 0.0, 1.0]]}, {"file_path": "images/57.jpg", "transform_matrix": [[-0.7247170209884644, -0.0486053042113781, 0.6873301267623901, 3.435359239578247], [0.6743496060371399, -0.25495558977127075, 0.6930009126663208, 0.03442267328500748], [0.14155513048171997, 0.9657303690910339, 0.21754761040210724, 1.539902925491333], [0.0, 0.0, 0.0, 1.0]]}, {"file_path": "images/58.jpg", "transform_matrix": [[0.25609710812568665, -0.14702530205249786, 0.95540452003479, 2.9832921028137207], [0.9652343392372131, -0.014596707187592983, -0.26097825169563293, -0.8564481735229492], [0.05231616273522377, 0.9890249967575073, 0.13817569613456726, 1.4931691884994507], [0.0, 0.0, 0.0, 1.0]]}, {"file_path": "images/59.jpg", "transform_matrix": [[0.3396613299846649, -0.2500605285167694, 0.9066972732543945, 1.9795199632644653], [0.939184308052063, 0.03828514367341995, -0.3412726819515228, -0.9825119972229004], [0.05062578618526459, 0.9674729704856873, 0.24785690009593964, 1.4532849788665771], [0.0, 0.0, 0.0, 1.0]]}, {"file_path": "images/60.jpg", "transform_matrix": [[-0.9380590319633484, -0.05448387563228607, 0.3421648442745209, 2.7119522094726562], [0.34638139605522156, -0.12445554882287979, 0.9298014640808105, 0.30429136753082275], [-0.008074871264398098, 0.9907281994819641, 0.13561885058879852, 1.5005985498428345], [0.0, 0.0, 0.0, 1.0]]}, {"file_path": "images/61.jpg", "transform_matrix": [[-0.9380590319633484, -0.05448387563228607, 0.3421648442745209, 2.7119522094726562], [0.34638139605522156, -0.12445554882287979, 0.9298014640808105, 0.30429136753082275], [-0.008074871264398098, 0.9907281994819641, 0.13561885058879852, 1.5005985498428345], [0.0, 0.0, 0.0, 1.0]]}, {"file_path": "images/62.jpg", "transform_matrix": [[-0.6543442606925964, -0.574391782283783, 0.49184104800224304, 1.2514376640319824], [0.7494795918464661, -0.40611180663108826, 0.5228322744369507, -0.19146250188350677], [-0.10056810081005096, 0.7107371091842651, 0.6962318420410156, 1.6085460186004639], [0.0, 0.0, 0.0, 1.0]]}, {"file_path": "images/63.jpg", "transform_matrix": [[-0.9497942924499512, 0.1614392250776291, -0.2680078148841858, 0.4104832708835602], [-0.3098073899745941, -0.6049340963363647, 0.7335353493690491, -0.32983070611953735], [-0.043705668300390244, 0.7797384858131409, 0.6245779991149902, 1.3674625158309937], [0.0, 0.0, 0.0, 1.0]]}, {"file_path": "images/64.jpg", "transform_matrix": [[0.3246845006942749, -0.22193676233291626, 0.9194150567054749, 1.6138100624084473], [0.9230741858482361, -0.1375589370727539, -0.3591819107532501, -1.2302827835083008], [0.20618942379951477, 0.9653090834617615, 0.160200834274292, 1.345933437347412], [0.0, 0.0, 0.0, 1.0]]}, {"file_path": "images/65.jpg", "transform_matrix": [[-0.13215774297714233, -0.7224435806274414, 0.6786822080612183, 1.5359529256820679], [0.9909859299659729, -0.11145061999559402, 0.0743347629904747, -0.4705241918563843], [0.02193688414990902, 0.682388424873352, 0.7306604981422424, 1.503058910369873], [0.0, 0.0, 0.0, 1.0]]}, {"file_path": "images/66.jpg", "transform_matrix": [[0.6987383365631104, -0.5076550245285034, 0.5040348768234253, 2.354811668395996], [0.7147361040115356, 0.5252291560173035, -0.46182966232299805, -1.1444687843322754], [-0.030283641070127487, 0.682949960231781, 0.7298371195793152, 1.7104889154434204], [0.0, 0.0, 0.0, 1.0]]}, {"file_path": "images/67.jpg", "transform_matrix": [[0.9969531893730164, -0.03997720032930374, -0.06697901338338852, 2.1185996532440186], [-0.05174172297120094, 0.30363672971725464, -0.9513819217681885, -1.871516466140747], [0.05837087333202362, 0.9519488215446472, 0.30064311623573303, 1.5320433378219604], [0.0, 0.0, 0.0, 1.0]]}, {"file_path": "images/68.jpg", "transform_matrix": [[0.7514182329177856, 0.38319408893585205, -0.5371526479721069, 1.193664312362671], [-0.6590855121612549, 0.3973335921764374, -0.63853919506073, -0.92702317237854], [-0.03125566616654396, 0.833839476108551, 0.5511213541030884, 1.346273422241211], [0.0, 0.0, 0.0, 1.0]]}, {"file_path": "images/69.jpg", "transform_matrix": [[0.2813183665275574, 0.13497471809387207, -0.9500746130943298, 0.23979435861110687], [-0.9419564008712769, 0.22789759933948517, -0.2465377151966095, -1.3532706499099731], [0.18324336409568787, 0.9642844796180725, 0.19125208258628845, 1.536543607711792], [0.0, 0.0, 0.0, 1.0]]}, {"file_path": "images/70.jpg", "transform_matrix": [[0.02918483503162861, 0.4958634078502655, -0.8679099678993225, 1.0870335102081299], [-0.9988296031951904, -0.01903640292584896, -0.04446329176425934, -1.4403129816055298], [-0.038569603115320206, 0.8681918382644653, 0.4947274923324585, 1.7066110372543335], [0.0, 0.0, 0.0, 1.0]]}, {"file_path": "images/71.jpg", "transform_matrix": [[-0.005832849536091089, 0.6435144543647766, -0.7654117345809937, 0.17043869197368622], [-0.9981387853622437, -0.05021195858716965, -0.03460898995399475, -2.321000576019287], [-0.06070420891046524, 0.7637852430343628, 0.6426095962524414, 1.7690023183822632], [0.0, 0.0, 0.0, 1.0]]}, {"file_path": "images/72.jpg", "transform_matrix": [[-0.7490766048431396, 0.5693985223770142, -0.33862897753715515, 0.3456140458583832], [-0.6604066491127014, -0.6013646125793457, 0.44969287514686584, -1.027919888496399], [0.052414994686841965, 0.5604872107505798, 0.8265027403831482, 1.7773898839950562], [0.0, 0.0, 0.0, 1.0]]}, {"file_path": "images/73.jpg", "transform_matrix": [[-0.8851464986801147, 0.24033616483211517, -0.3984397053718567, 1.102329134941101], [-0.4475925862789154, -0.6738263964653015, 0.5878936052322388, -1.4410158395767212], [-0.1271871030330658, 0.6987106204032898, 0.7040077447891235, 1.753190279006958], [0.0, 0.0, 0.0, 1.0]]}, {"file_path": "images/74.jpg", "transform_matrix": [[0.9122480154037476, -0.2050098180770874, 0.35464704036712646, 1.5514615774154663], [0.4096237123012543, 0.4638373851776123, -0.7855337858200073, -1.8645052909851074], [-0.0034564221277832985, 0.86187344789505, 0.5071116089820862, 1.7428239583969116], [0.0, 0.0, 0.0, 1.0]]}, {"file_path": "images/75.jpg", "transform_matrix": [[0.9949596524238586, 0.023602740839123726, -0.09745843708515167, 2.4571611881256104], [-0.07910957932472229, 0.7819896936416626, -0.6182506084442139, -1.1515417098999023], [0.06161908060312271, 0.6228443384170532, 0.7799153923988342, 1.7581634521484375], [0.0, 0.0, 0.0, 1.0]]}, {"file_path": "images/76.jpg", "transform_matrix": [[-0.3212641775608063, -0.24159593880176544, 0.9156531691551208, 3.1470608711242676], [0.9469128251075745, -0.09426591545343399, 0.3073597252368927, -0.7313609719276428], [0.012058022432029247, 0.965787410736084, 0.259054571390152, 1.5504854917526245], [0.0, 0.0, 0.0, 1.0]]}, {"file_path": "images/77.jpg", "transform_matrix": [[-0.7085866928100586, -0.333305686712265, 0.6219423413276672, 2.1122994422912598], [0.6917591691017151, -0.1542622298002243, 0.7054590582847595, -1.2331997156143188], [-0.13919128477573395, 0.9301131367683411, 0.33987540006637573, 1.7902390956878662], [0.0, 0.0, 0.0, 1.0]]}, {"file_path": "images/78.jpg", "transform_matrix": [[-0.9169503450393677, -0.053510695695877075, 0.39539679884910583, 3.1890158653259277], [0.39720043540000916, -0.21646332740783691, 0.8918382525444031, -0.6370159387588501], [0.0378660224378109, 0.9748231768608093, 0.2197405993938446, 1.5525261163711548], [0.0, 0.0, 0.0, 1.0]]}, {"file_path": "images/79.jpg", "transform_matrix": [[-0.14884592592716217, -0.3363421857357025, 0.9299026131629944, 2.870211362838745], [0.9884456992149353, -0.07783808559179306, 0.13006295263767242, -1.2589046955108643], [0.028636183589696884, 0.9385175704956055, 0.3440418541431427, 1.6575464010238647], [0.0, 0.0, 0.0, 1.0]]}, {"file_path": "images/80.jpg", "transform_matrix": [[-0.9264243841171265, -0.009527461603283882, 0.37636029720306396, 2.0610194206237793], [0.3643942177295685, -0.27396368980407715, 0.8900341391563416, -0.5320755839347839], [0.09462929517030716, 0.9616928696632385, 0.2572784125804901, 1.4486855268478394], [0.0, 0.0, 0.0, 1.0]]}, {"file_path": "images/81.jpg", "transform_matrix": [[-0.39355558156967163, -0.3238617777824402, 0.8603647947311401, 3.3394603729248047], [0.9083774089813232, 0.006846827920526266, 0.4180952310562134, -1.223312497138977], [-0.14129583537578583, 0.9460796117782593, 0.29149413108825684, 1.6370036602020264], [0.0, 0.0, 0.0, 1.0]]}, {"file_path": "images/82.jpg", "transform_matrix": [[-0.6718714833259583, -0.3147870600223541, 0.67044597864151, 3.5798819065093994], [0.7353491187095642, -0.1752142459154129, 0.6546462178230286, 0.02742965891957283], [-0.08860248327255249, 0.9328499436378479, 0.3491998314857483, 1.7201281785964966], [0.0, 0.0, 0.0, 1.0]]}, {"file_path": "images/83.jpg", "transform_matrix": [[-0.9758096933364868, 0.0068990858271718025, 0.21851274371147156, 2.982599973678589], [0.21255753934383392, -0.2038375437259674, 0.9556514024734497, 0.13902930915355682], [0.051134221255779266, 0.9789804220199585, 0.19744020700454712, 1.7240855693817139], [0.0, 0.0, 0.0, 1.0]]}, {"file_path": "images/84.jpg", "transform_matrix": [[-0.4559084475040436, -0.34111833572387695, 0.8220618963241577, 3.030996799468994], [0.88829505443573, -0.11680725961923599, 0.44417110085487366, -0.7516255378723145], [-0.055492106825113297, 0.9327348470687866, 0.35626715421676636, 1.7402647733688354], [0.0, 0.0, 0.0, 1.0]]}, {"file_path": "images/85.jpg", "transform_matrix": [[0.06503883749246597, -0.3719576299190521, 0.9259684085845947, 3.0901918411254883], [0.9863522052764893, 0.16461904346942902, -0.003153335303068161, -1.069997787475586], [-0.15125912427902222, 0.913536012172699, 0.37758785486221313, 1.814978003501892], [0.0, 0.0, 0.0, 1.0]]}, {"file_path": "images/86.jpg", "transform_matrix": [[-0.32152166962623596, -0.24896147847175598, 0.9135874509811401, 3.2317144870758057], [0.9461554288864136, -0.046156927943229675, 0.3204052150249481, -0.8122453689575195], [-0.037600163370370865, 0.9674128890037537, 0.2503966987133026, 1.74375319480896], [0.0, 0.0, 0.0, 1.0]]}, {"file_path": "images/87.jpg", "transform_matrix": [[0.5673710703849792, -0.1394350230693817, 0.8115713000297546, 2.5104587078094482], [0.823104202747345, 0.06696844846010208, -0.563927948474884, -1.6719462871551514], [0.024281637743115425, 0.9879640936851501, 0.15276551246643066, 1.603355884552002], [0.0, 0.0, 0.0, 1.0]]}, {"file_path": "images/88.jpg", "transform_matrix": [[-0.9418683648109436, 0.02790435403585434, 0.33482131361961365, 1.294620156288147], [0.31356850266456604, -0.2848779857158661, 0.9058251976966858, -0.5183577537536621], [0.12065968662500381, 0.9581575393676758, 0.25956764817237854, 1.5846244096755981], [0.0, 0.0, 0.0, 1.0]]}, {"file_path": "images/89.jpg", "transform_matrix": [[-0.9024118781089783, 0.15609975159168243, -0.4016038477420807, 0.9710350632667542], [-0.4279576241970062, -0.21644851565361023, 0.8774977326393127, -0.5362308621406555], [0.05005062371492386, 0.9637338519096375, 0.2621297836303711, 1.8186872005462646], [0.0, 0.0, 0.0, 1.0]]}, {"file_path": "images/90.jpg", "transform_matrix": [[0.32041946053504944, -0.31557488441467285, 0.8931650519371033, 2.348627805709839], [0.9460880756378174, 0.059410277754068375, -0.3184144198894501, -1.8379029035568237], [0.04742040857672691, 0.947039008140564, 0.3175978362560272, 1.6944936513900757], [0.0, 0.0, 0.0, 1.0]]}, {"file_path": "images/91.jpg", "transform_matrix": [[-0.9858719110488892, -0.07035493105649948, 0.15200920403003693, 1.2063233852386475], [0.15058735013008118, -0.7696792483329773, 0.620417058467865, -0.8958927989006042], [0.07334893941879272, 0.6345424056053162, 0.7693997025489807, 1.7723186016082764], [0.0, 0.0, 0.0, 1.0]]}, {"file_path": "images/92.jpg", "transform_matrix": [[0.4553656578063965, -0.5466200709342957, 0.702743649482727, 0.9071300625801086], [0.8844953775405884, 0.18773424625396729, -0.4271109700202942, -1.1907906532287598], [0.10153838992118835, 0.8160651326179504, 0.5689706802368164, 1.8298360109329224], [0.0, 0.0, 0.0, 1.0]]}, {"file_path": "images/93.jpg", "transform_matrix": [[0.8491960167884827, -0.11921437829732895, 0.5144453644752502, 2.0621328353881836], [0.5167373418807983, 0.38839688897132874, -0.7629746794700623, -2.6131224632263184], [-0.10885143280029297, 0.9137482047080994, 0.391427606344223, 1.6668165922164917], [0.0, 0.0, 0.0, 1.0]]}, {"file_path": "images/94.jpg", "transform_matrix": [[-0.49636122584342957, 0.7067713737487793, -0.5040830969810486, 1.1320209503173828], [-0.867838442325592, -0.41866523027420044, 0.2675366997718811, -1.586868405342102], [-0.021954793483018875, 0.5702575445175171, 0.8211725354194641, 1.7843761444091797], [0.0, 0.0, 0.0, 1.0]]}, {"file_path": "images/95.jpg", "transform_matrix": [[-0.5767752528190613, -0.22096115350723267, 0.7864518165588379, 2.1247096061706543], [0.8156766295433044, -0.20850639045238495, 0.5396264791488647, -1.020676851272583], [0.04474373906850815, 0.95273357629776, 0.30049416422843933, 1.7509437799453735], [0.0, 0.0, 0.0, 1.0]]}, {"file_path": "images/96.jpg", "transform_matrix": [[-0.6606647372245789, -0.1742832064628601, 0.7301694750785828, 2.5912814140319824], [0.7506811022758484, -0.15323635935783386, 0.6426480412483215, -0.38780125975608826], [-0.00011424055264797062, 0.9726993441581726, 0.2320689707994461, 1.7713345289230347], [0.0, 0.0, 0.0, 1.0]]}, {"file_path": "images/97.jpg", "transform_matrix": [[-0.7335216403007507, -0.0926096960902214, 0.6733271479606628, 3.6905269622802734], [0.6794686317443848, -0.12379615008831024, 0.7231852412223816, -0.46249642968177795], [0.016381340101361275, 0.9879766702651978, 0.1537325382232666, 1.728279948234558], [0.0, 0.0, 0.0, 1.0]]}, {"file_path": "images/98.jpg", "transform_matrix": [[-0.5018352270126343, -0.12091221660375595, 0.8564704656600952, 3.1002447605133057], [0.8620616793632507, -0.15095297992229462, 0.48380047082901, -0.8315699696540833], [0.0707893818616867, 0.9811184406280518, 0.17998731136322021, 1.5554215908050537], [0.0, 0.0, 0.0, 1.0]]}, {"file_path": "images/99.jpg", "transform_matrix": [[-0.41951820254325867, -0.007817547768354416, 0.9077132940292358, 3.456883430480957], [0.9042783379554749, -0.09093203395605087, 0.41714751720428467, 0.04552605003118515], [0.07927913963794708, 0.9958264231681824, 0.0452168807387352, 1.3753677606582642], [0.0, 0.0, 0.0, 1.0]]}]}